Test: 0.95662100456621
Training: 0.9999184538856724